70 70 2450
9 10 50.00
43 7 70.00
22 15 41.00
2 16 62.00
5 53 89.00
27 62 42.00
30 36 88.00
1 43 4.00
14 13 67.00
40 26 95.00
45 29 82.00
36 29 93.00
62 12 45.00
41 51 24.00
8 64 54.00
17 27 76.00
24 2 93.00
26 42 61.00
44 42 29.00
3 12 58.00
2 49 39.00
47 12 9.00
48 55 19.00
42 42 13.00
67 20 38.00
45 14 92.00
5 46 68.00
2 64 11.00
48 12 69.00
58 0 22.00
33 45 33.00
18 4 57.00
51 51 56.00
54 6 78.00
52 43 68.00
13 38 16.00
66 47 68.00
28 39 35.00
1 32 45.00
8 27 58.00
49 48 62.00
3 16 59.00
53 3 37.00
37 37 8.00
38 28 43.00
64 39 19.00
13 66 83.00
65 45 23.00
54 49 52.00
58 37 18.00
41 49 21.00
32 1 77.00
9 1 11.00
40 64 46.00
49 2 49.00
60 54 58.00
16 33 58.00
20 11 28.00
26 14 44.00
61 40 18.00
30 9 58.00
19 68 71.00
9 5 95.00
23 15 41.00
22 25 20.00
12 54 62.00
20 43 36.00
19 4 41.00
9 37 3.00
64 68 89.00
25 50 14.00
14 14 55.00
35 53 61.00
26 63 5.00
2 46 97.00
7 46 81.00
52 13 50.00
54 27 12.00
66 42 36.00
65 48 19.00
24 68 29.00
49 60 88.00
38 42 80.00
3 53 28.00
5 25 42.00
67 40 83.00
45 25 8.00
54 67 6.00
10 3 89.00
46 40 91.00
50 60 21.00
4 44 96.00
42 28 41.00
36 17 45.00
44 35 20.00
2 5 47.00
17 64 55.00
48 54 67.00
25 27 74.00
20 31 19.00
28 46 37.00
60 3 79.00
15 9 77.00
20 37 96.00
26 59 49.00
16 44 70.00
68 37 68.00
39 51 73.00
12 62 15.00
66 32 62.00
6 4 80.00
59 53 28.00
63 47 18.00
33 51 11.00
43 63 68.00
68 21 59.00
31 46 33.00
59 61 71.00
37 42 56.00
2 60 33.00
38 7 13.00
52 30 64.00
62 65 22.00
15 18 24.00
34 10 78.00
58 6 29.00
10 29 36.00
25 23 29.00
62 11 80.00
63 36 30.00
62 36 79.00
55 22 97.00
9 2 95.00
15 23 28.00
28 16 4.00
42 46 64.00
42 54 48.00
10 64 33.00
27 38 56.00
4 54 75.00
66 11 93.00
57 38 16.00
15 52 67.00
57 31 90.00
65 52 59.00
8 40 36.00
46 56 15.00
9 31 94.00
52 17 21.00
46 8 9.00
64 35 35.00
36 60 2.00
13 24 96.00
26 29 67.00
29 34 47.00
8 28 52.00
68 63 68.00
20 4 43.00
17 32 45.00
51 3 50.00
37 1 33.00
10 16 38.00
47 54 76.00
54 34 93.00
49 67 39.00
54 0 50.00
33 1 16.00
47 47 33.00
23 53 61.00
40 44 6.00
0 24 49.00
11 17 81.00
13 41 96.00
17 68 18.00
47 24 80.00
45 59 98.00
57 44 14.00
68 26 94.00
58 12 44.00
64 34 69.00
68 0 33.00
63 31 51.00
63 39 56.00
11 40 18.00
43 1 6.00
10 27 86.00
47 6 94.00
59 44 37.00
4 47 42.00
0 13 42.00
37 59 18.00
67 3 21.00
48 28 96.00
59 28 79.00
38 17 2.00
48 16 76.00
28 41 97.00
16 24 74.00
52 31 60.00
30 20 88.00
35 21 91.00
17 47 38.00
43 59 36.00
63 50 16.00
6 17 23.00
63 16 64.00
11 51 14.00
16 37 2.00
21 23 4.00
36 38 70.00
43 21 78.00
44 64 51.00
62 57 11.00
0 11 5.00
58 8 50.00
19 8 32.00
31 8 21.00
22 68 51.00
48 18 43.00
43 22 57.00
58 57 26.00
23 18 42.00
61 1 99.00
60 56 7.00
15 4 84.00
3 7 26.00
63 43 50.00
17 12 66.00
48 64 44.00
63 9 45.00
19 50 88.00
28 5 7.00
58 61 79.00
22 47 74.00
18 47 30.00
50 32 86.00
37 11 12.00
0 12 7.00
15 11 40.00
15 33 43.00
2 15 83.00
14 30 87.00
12 65 26.00
53 25 59.00
30 49 75.00
18 57 99.00
9 19 3.00
28 59 31.00
26 34 65.00
66 43 50.00
34 22 96.00
59 19 4.00
8 19 16.00
29 6 82.00
28 20 63.00
13 62 38.00
68 50 77.00
58 59 53.00
29 27 37.00
20 2 8.00
55 36 46.00
65 5 44.00
27 24 23.00
63 6 47.00
63 21 52.00
21 16 2.00
51 60 55.00
19 49 12.00
43 16 56.00
57 1 85.00
6 18 44.00
56 18 92.00
59 6 73.00
61 19 42.00
0 62 19.00
58 35 74.00
26 41 37.00
8 1 52.00
15 41 94.00
16 11 20.00
55 38 48.00
33 33 65.00
47 15 15.00
64 28 41.00
67 28 97.00
62 42 65.00
34 37 69.00
27 13 23.00
40 40 88.00
40 10 74.00
36 14 12.00
25 64 94.00
38 22 71.00
68 12 77.00
36 22 14.00
62 19 77.00
2 36 27.00
51 61 80.00
57 16 53.00
7 0 16.00
42 8 41.00
61 53 82.00
24 36 52.00
27 33 76.00
35 1 97.00
56 40 30.00
3 0 4.00
20 39 66.00
14 55 32.00
57 64 23.00
49 54 96.00
23 48 8.00
33 60 85.00
7 58 39.00
29 4 36.00
66 26 97.00
42 31 27.00
23 35 29.00
42 13 93.00
59 67 20.00
40 3 61.00
40 39 12.00
47 10 9.00
14 23 67.00
24 31 85.00
49 9 97.00
25 37 21.00
5 22 40.00
6 21 33.00
61 64 76.00
44 65 54.00
45 52 96.00
33 47 93.00
11 2 8.00
54 35 65.00
24 0 60.00
23 39 16.00
20 61 22.00
36 37 14.00
29 60 68.00
6 52 39.00
49 36 89.00
52 5 53.00
43 25 40.00
2 20 46.00
68 30 38.00
18 67 23.00
22 41 16.00
17 3 41.00
38 44 61.00
33 24 7.00
57 51 73.00
9 28 21.00
46 58 37.00
62 38 21.00
57 13 57.00
32 59 7.00
2 12 95.00
2 11 64.00
46 65 33.00
33 62 27.00
3 59 92.00
8 15 46.00
53 10 18.00
40 65 34.00
49 46 30.00
6 2 90.00
50 39 84.00
28 35 71.00
31 65 2.00
51 6 70.00
68 38 81.00
52 41 59.00
14 26 44.00
16 56 60.00
57 61 93.00
37 51 4.00
12 59 11.00
46 66 27.00
18 58 86.00
12 64 51.00
56 56 66.00
3 61 65.00
59 37 70.00
5 10 59.00
59 26 97.00
66 10 36.00
21 29 74.00
3 55 97.00
54 19 80.00
50 26 94.00
51 23 25.00
32 12 29.00
13 34 43.00
27 47 21.00
9 32 84.00
45 55 46.00
29 48 39.00
45 68 89.00
15 47 57.00
20 22 47.00
46 29 10.00
21 53 70.00
63 51 72.00
54 65 56.00
13 42 29.00
35 3 86.00
26 30 65.00
1 12 41.00
7 20 54.00
7 13 29.00
24 48 4.00
30 67 56.00
20 64 30.00
62 39 82.00
1 15 93.00
9 36 77.00
19 58 64.00
8 12 19.00
30 8 12.00
58 51 27.00
31 35 74.00
19 53 58.00
52 45 2.00
57 59 48.00
56 14 26.00
35 46 40.00
26 53 1.00
35 13 79.00
17 38 97.00
26 35 32.00
1 59 11.00
61 66 73.00
66 41 80.00
1 2 8.00
60 31 42.00
6 12 43.00
21 17 62.00
40 5 89.00
20 52 53.00
4 57 9.00
12 18 53.00
6 58 6.00
44 30 29.00
4 37 13.00
37 64 86.00
3 56 92.00
63 48 58.00
63 2 73.00
62 20 35.00
56 47 98.00
14 31 94.00
53 26 57.00
41 27 64.00
23 13 82.00
1 31 32.00
54 39 71.00
41 36 35.00
1 5 84.00
42 58 69.00
34 3 88.00
43 50 97.00
61 39 77.00
45 22 75.00
30 5 71.00
28 0 38.00
17 52 92.00
32 35 4.00
34 41 94.00
68 56 99.00
39 9 67.00
35 51 61.00
52 37 94.00
16 13 28.00
35 40 59.00
28 34 44.00
29 23 70.00
40 32 21.00
54 25 3.00
22 16 68.00
60 53 40.00
47 14 24.00
62 40 11.00
29 19 70.00
67 64 75.00
16 28 13.00
32 0 56.00
50 19 100.00
64 6 84.00
11 0 26.00
17 39 68.00
43 28 16.00
49 50 95.00
58 40 88.00
65 42 38.00
18 32 76.00
40 46 23.00
26 26 99.00
43 68 35.00
65 29 58.00
1 30 41.00
20 27 8.00
23 9 63.00
3 17 48.00
55 12 54.00
23 66 79.00
11 57 66.00
25 12 98.00
42 33 75.00
21 11 100.00
20 38 39.00
48 65 90.00
15 40 71.00
39 64 6.00
16 39 38.00
27 20 7.00
58 52 100.00
37 50 53.00
24 26 67.00
58 29 78.00
67 61 80.00
5 0 60.00
20 17 69.00
31 22 88.00
44 29 81.00
31 31 90.00
15 25 55.00
63 37 34.00
14 21 45.00
53 2 78.00
24 45 58.00
32 41 77.00
57 36 60.00
17 62 100.00
61 54 87.00
15 16 7.00
5 50 8.00
67 58 57.00
58 28 10.00
24 42 42.00
54 1 70.00
55 20 47.00
53 37 43.00
56 37 22.00
17 14 78.00
16 31 80.00
49 6 24.00
27 15 64.00
8 0 16.00
60 35 3.00
68 47 13.00
62 45 52.00
54 4 82.00
5 40 69.00
39 20 95.00
11 5 54.00
16 0 16.00
3 41 68.00
30 6 87.00
2 7 13.00
33 68 2.00
15 44 8.00
15 39 35.00
59 57 30.00
43 5 46.00
5 47 94.00
36 61 31.00
31 62 82.00
6 14 100.00
18 8 65.00
20 26 71.00
5 41 48.00
27 45 69.00
49 43 49.00
41 34 59.00
60 6 55.00
33 53 89.00
61 12 36.00
8 3 59.00
36 7 14.00
27 68 95.00
39 54 63.00
64 45 91.00
61 57 95.00
41 37 58.00
57 57 34.00
56 39 49.00
23 5 55.00
53 57 17.00
66 56 30.00
51 16 84.00
66 3 54.00
6 59 79.00
13 64 32.00
63 52 43.00
4 19 36.00
4 2 18.00
12 55 68.00
32 50 11.00
21 32 64.00
8 39 70.00
23 8 58.00
62 28 30.00
13 7 65.00
3 49 82.00
8 33 35.00
39 0 79.00
13 2 1.00
28 68 29.00
22 3 76.00
13 19 81.00
7 24 98.00
41 42 99.00
67 45 93.00
23 65 1.00
60 34 9.00
50 63 95.00
62 7 18.00
15 51 44.00
1 52 84.00
8 51 95.00
15 67 85.00
39 17 32.00
47 58 81.00
13 39 64.00
51 20 6.00
49 52 38.00
63 24 75.00
62 34 98.00
37 57 77.00
66 39 11.00
61 26 72.00
34 33 60.00
21 3 46.00
48 29 42.00
53 68 52.00
49 12 22.00
56 57 29.00
18 36 40.00
42 38 57.00
30 2 11.00
2 67 61.00
68 22 11.00
20 3 52.00
48 41 44.00
9 40 55.00
7 67 26.00
35 15 44.00
0 39 90.00
48 56 4.00
60 61 3.00
36 44 98.00
65 7 6.00
37 33 100.00
10 22 36.00
56 0 1.00
66 33 79.00
38 40 67.00
36 40 84.00
62 46 51.00
65 27 67.00
41 0 97.00
33 48 3.00
5 6 71.00
31 61 18.00
21 34 65.00
18 20 97.00
18 59 2.00
51 37 95.00
44 23 82.00
13 32 45.00
2 68 23.00
40 63 95.00
7 63 87.00
25 38 59.00
59 0 13.00
45 30 16.00
51 32 61.00
57 68 98.00
65 40 72.00
61 58 16.00
4 20 78.00
8 37 72.00
18 49 48.00
66 0 30.00
56 50 66.00
41 15 50.00
18 14 60.00
29 58 37.00
49 39 70.00
39 58 99.00
1 13 71.00
1 58 20.00
3 26 99.00
32 48 73.00
26 6 41.00
4 63 2.00
47 4 41.00
36 3 2.00
9 6 84.00
55 48 44.00
57 24 77.00
49 13 81.00
30 18 44.00
34 1 60.00
64 43 23.00
19 33 56.00
7 4 62.00
56 4 97.00
11 55 41.00
34 66 84.00
62 68 85.00
26 48 60.00
51 62 4.00
63 60 88.00
21 2 75.00
3 13 41.00
16 53 15.00
66 27 2.00
64 17 9.00
24 37 2.00
45 49 95.00
37 67 95.00
62 32 32.00
44 40 83.00
6 10 40.00
19 7 76.00
1 16 5.00
56 59 16.00
28 22 85.00
64 9 58.00
41 63 99.00
41 12 30.00
59 63 86.00
67 68 29.00
24 54 4.00
64 18 12.00
64 44 10.00
6 66 2.00
47 2 66.00
59 52 66.00
13 60 52.00
14 40 28.00
12 29 13.00
43 9 68.00
50 41 25.00
56 23 62.00
18 11 94.00
52 47 79.00
63 65 78.00
55 57 88.00
9 34 70.00
9 46 5.00
26 2 12.00
38 61 79.00
32 21 55.00
46 31 25.00
18 44 59.00
64 31 59.00
59 7 24.00
8 22 88.00
49 64 1.00
47 38 85.00
65 22 75.00
61 6 80.00
36 31 61.00
29 9 14.00
21 0 39.00
29 21 92.00
68 10 74.00
27 42 16.00
15 53 92.00
31 68 41.00
1 41 94.00
8 53 68.00
7 37 78.00
54 10 8.00
13 17 20.00
17 53 10.00
16 21 41.00
66 57 62.00
19 60 39.00
11 25 45.00
11 63 36.00
59 55 50.00
68 6 63.00
57 27 35.00
60 32 11.00
36 35 86.00
34 12 75.00
27 25 71.00
43 17 72.00
3 58 78.00
50 64 100.00
12 6 20.00
3 43 36.00
42 18 26.00
4 34 6.00
14 17 71.00
57 47 58.00
41 21 16.00
21 64 1.00
30 45 61.00
12 10 5.00
48 7 67.00
34 67 54.00
31 6 14.00
59 66 50.00
11 39 72.00
29 13 38.00
42 50 70.00
17 0 94.00
42 37 39.00
59 65 62.00
65 24 91.00
34 57 31.00
64 64 66.00
6 13 72.00
17 46 75.00
61 62 90.00
1 53 48.00
49 40 24.00
16 64 33.00
0 26 41.00
28 30 29.00
52 23 26.00
64 56 19.00
2 3 35.00
43 37 5.00
5 29 82.00
65 2 31.00
58 17 36.00
20 8 94.00
21 12 67.00
11 28 91.00
44 17 58.00
26 17 48.00
55 45 79.00
54 14 70.00
33 9 34.00
27 4 80.00
64 33 29.00
52 51 49.00
26 28 73.00
68 27 95.00
65 15 31.00
18 60 61.00
60 2 35.00
54 9 75.00
43 58 81.00
63 19 55.00
64 55 31.00
56 3 74.00
10 24 19.00
8 48 61.00
65 32 31.00
38 32 19.00
45 0 65.00
12 47 46.00
63 22 64.00
53 55 87.00
41 14 29.00
16 60 8.00
47 22 58.00
47 13 4.00
9 63 83.00
63 18 51.00
51 48 39.00
43 43 41.00
11 58 62.00
28 10 82.00
43 26 93.00
37 27 21.00
28 61 33.00
32 58 89.00
26 31 94.00
54 37 94.00
8 63 60.00
44 51 10.00
50 55 82.00
27 27 62.00
3 30 49.00
1 42 50.00
16 55 90.00
64 30 65.00
3 65 89.00
60 46 25.00
3 57 42.00
35 4 96.00
21 31 47.00
48 31 28.00
3 35 53.00
36 25 76.00
57 15 63.00
64 65 83.00
1 29 5.00
5 59 26.00
23 41 39.00
59 23 84.00
41 17 73.00
39 26 51.00
3 21 79.00
26 15 28.00
3 32 26.00
48 45 4.00
41 59 88.00
32 2 59.00
37 12 6.00
4 29 87.00
25 17 39.00
25 8 10.00
19 27 44.00
14 66 57.00
44 28 100.00
19 19 93.00
27 11 70.00
11 13 54.00
51 45 29.00
25 49 17.00
64 4 37.00
36 62 35.00
28 24 67.00
0 47 59.00
42 47 28.00
8 10 52.00
15 43 22.00
5 1 67.00
5 12 33.00
29 36 79.00
53 35 10.00
59 50 30.00
8 54 98.00
39 35 54.00
10 0 35.00
66 35 67.00
5 26 77.00
15 55 97.00
30 39 73.00
0 6 76.00
27 64 82.00
0 40 5.00
26 24 61.00
58 33 14.00
14 39 35.00
11 23 97.00
38 53 60.00
64 57 89.00
24 30 35.00
47 16 86.00
56 52 43.00
8 11 81.00
39 36 57.00
9 54 44.00
30 43 77.00
58 44 1.00
11 56 98.00
40 28 94.00
54 43 86.00
66 36 10.00
13 46 1.00
47 30 26.00
5 20 66.00
61 48 49.00
6 61 16.00
53 50 33.00
22 22 8.00
68 15 29.00
17 30 45.00
34 42 99.00
5 34 32.00
17 42 64.00
49 45 87.00
11 38 47.00
2 8 79.00
60 24 45.00
15 15 33.00
0 21 25.00
24 21 18.00
30 60 89.00
60 48 22.00
26 52 93.00
11 15 99.00
12 16 89.00
22 19 86.00
20 12 80.00
35 33 38.00
33 49 40.00
51 54 3.00
59 20 27.00
20 13 34.00
46 5 19.00
53 9 73.00
50 13 73.00
16 52 78.00
9 30 57.00
46 51 82.00
59 3 93.00
14 51 38.00
52 50 79.00
54 42 27.00
65 8 81.00
47 65 87.00
38 51 40.00
34 14 45.00
33 59 66.00
51 22 20.00
23 68 31.00
62 8 38.00
52 26 16.00
20 40 32.00
22 13 92.00
66 15 89.00
13 6 20.00
56 41 85.00
20 50 80.00
58 2 94.00
54 55 81.00
57 43 82.00
47 56 29.00
44 46 26.00
60 63 91.00
24 5 37.00
52 18 18.00
15 20 47.00
63 20 69.00
65 51 25.00
6 5 86.00
68 60 26.00
48 49 10.00
63 56 81.00
40 9 76.00
22 34 56.00
49 53 56.00
4 38 97.00
63 57 89.00
28 47 38.00
13 47 59.00
50 9 67.00
34 38 6.00
26 49 33.00
54 54 96.00
57 55 44.00
34 7 55.00
51 41 56.00
11 59 16.00
40 60 81.00
4 7 27.00
33 35 57.00
48 34 35.00
40 24 11.00
66 18 57.00
55 8 22.00
39 13 48.00
11 35 85.00
68 14 25.00
14 2 16.00
43 6 97.00
54 48 47.00
42 55 62.00
35 67 48.00
15 10 45.00
1 0 16.00
30 65 98.00
0 10 55.00
44 60 13.00
60 50 89.00
21 4 33.00
23 34 85.00
68 46 83.00
28 56 94.00
0 48 54.00
59 27 39.00
35 61 39.00
43 20 45.00
47 28 64.00
36 66 19.00
67 66 91.00
2 65 33.00
45 44 55.00
57 58 78.00
15 50 52.00
39 57 8.00
14 44 81.00
50 42 42.00
12 33 29.00
42 49 35.00
48 68 51.00
1 55 78.00
34 30 54.00
0 50 75.00
63 23 54.00
21 24 22.00
58 58 14.00
68 5 31.00
49 44 38.00
14 12 81.00
42 64 84.00
4 14 100.00
29 14 76.00
50 30 51.00
39 37 5.00
38 36 97.00
52 55 10.00
32 56 27.00
8 62 4.00
32 7 15.00
18 2 32.00
23 33 38.00
26 50 6.00
18 61 77.00
63 49 10.00
25 52 50.00
7 17 58.00
52 16 43.00
35 41 45.00
27 36 16.00
21 26 42.00
20 55 32.00
5 62 46.00
62 54 26.00
33 39 19.00
25 9 45.00
45 37 43.00
23 17 45.00
43 19 12.00
13 45 75.00
44 57 83.00
32 57 69.00
35 57 5.00
47 62 59.00
44 32 50.00
46 37 77.00
13 56 20.00
31 10 62.00
8 35 25.00
36 26 88.00
68 25 8.00
17 13 87.00
44 1 57.00
1 67 98.00
30 12 26.00
33 21 51.00
35 48 61.00
42 11 38.00
60 29 69.00
46 48 81.00
54 20 26.00
65 31 75.00
62 31 14.00
59 60 50.00
2 14 4.00
10 51 22.00
52 59 17.00
68 42 34.00
31 11 12.00
48 66 88.00
12 8 47.00
22 0 79.00
32 29 13.00
39 47 82.00
65 39 40.00
62 25 60.00
21 27 52.00
24 53 9.00
31 38 78.00
52 27 100.00
56 17 6.00
47 36 25.00
45 66 21.00
28 18 40.00
44 56 21.00
10 38 83.00
28 37 11.00
14 68 67.00
10 15 21.00
9 52 77.00
33 30 3.00
48 48 48.00
27 57 10.00
19 3 79.00
27 41 36.00
57 12 45.00
19 42 6.00
4 0 22.00
44 66 30.00
49 57 53.00
41 5 23.00
7 10 26.00
20 48 89.00
53 54 85.00
31 17 47.00
37 35 84.00
62 53 5.00
53 58 85.00
62 6 10.00
45 45 5.00
30 66 75.00
2 22 56.00
23 22 6.00
28 44 10.00
1 11 12.00
58 5 10.00
4 58 7.00
1 4 61.00
48 59 62.00
6 1 35.00
12 3 38.00
13 48 47.00
57 37 14.00
24 66 5.00
7 9 94.00
12 9 4.00
15 66 64.00
56 10 8.00
61 21 16.00
42 6 74.00
40 30 84.00
12 37 87.00
27 35 77.00
9 23 98.00
43 32 85.00
66 20 69.00
11 9 9.00
33 10 76.00
8 9 67.00
34 16 41.00
48 60 33.00
24 62 78.00
10 49 43.00
23 2 86.00
65 13 71.00
25 1 34.00
43 27 91.00
14 37 28.00
11 19 10.00
32 4 15.00
6 6 85.00
46 57 72.00
49 24 19.00
2 27 29.00
17 24 88.00
40 41 77.00
16 29 51.00
29 25 19.00
34 51 14.00
55 6 96.00
4 51 29.00
54 21 1.00
34 11 91.00
23 31 41.00
20 59 45.00
32 39 79.00
32 60 26.00
22 62 90.00
59 17 68.00
65 46 47.00
32 8 59.00
38 48 97.00
62 15 27.00
46 9 41.00
59 62 75.00
15 8 42.00
29 57 62.00
49 7 30.00
6 65 63.00
65 35 31.00
28 32 43.00
44 41 68.00
7 28 3.00
63 66 68.00
17 35 34.00
68 43 6.00
22 17 49.00
30 35 18.00
46 45 48.00
17 41 59.00
27 14 24.00
65 61 43.00
35 34 10.00
61 43 93.00
48 8 100.00
13 65 65.00
7 60 46.00
32 38 84.00
20 66 70.00
65 20 68.00
55 15 81.00
38 67 51.00
64 11 88.00
10 46 42.00
31 25 32.00
61 31 31.00
45 40 92.00
27 31 3.00
18 37 98.00
55 41 84.00
3 18 52.00
39 62 77.00
52 57 63.00
30 23 76.00
38 5 51.00
39 25 73.00
61 18 13.00
31 52 99.00
3 47 89.00
16 50 6.00
30 0 67.00
55 29 44.00
53 5 51.00
0 45 89.00
45 58 68.00
45 67 60.00
0 18 63.00
12 35 91.00
17 67 58.00
45 19 49.00
10 47 80.00
45 61 60.00
38 62 41.00
30 52 10.00
8 24 24.00
51 59 17.00
12 46 52.00
50 24 10.00
39 61 2.00
13 30 19.00
1 60 62.00
20 57 43.00
47 20 6.00
55 56 59.00
26 64 33.00
39 60 99.00
26 57 57.00
40 20 3.00
9 8 40.00
66 13 100.00
45 26 38.00
51 2 17.00
35 39 55.00
29 54 30.00
59 35 65.00
41 30 63.00
44 3 73.00
42 9 67.00
68 57 20.00
60 33 5.00
57 10 32.00
38 39 49.00
9 26 97.00
26 36 19.00
37 65 12.00
22 63 39.00
7 68 84.00
44 67 43.00
10 34 47.00
48 44 20.00
13 18 43.00
62 3 5.00
50 33 33.00
30 10 19.00
65 62 48.00
37 23 66.00
13 9 54.00
62 35 22.00
48 3 13.00
11 41 95.00
67 44 99.00
22 61 4.00
41 29 50.00
23 38 66.00
17 37 53.00
12 2 76.00
28 52 62.00
62 66 50.00
17 4 56.00
2 62 45.00
10 5 79.00
1 46 95.00
31 4 30.00
36 11 44.00
27 16 62.00
23 30 5.00
37 4 68.00
29 16 87.00
68 9 7.00
57 30 2.00
0 43 2.00
30 40 52.00
61 52 32.00
52 10 78.00
35 20 17.00
34 63 19.00
4 13 3.00
46 47 56.00
66 59 58.00
33 54 62.00
60 36 42.00
7 21 70.00
2 63 72.00
27 65 72.00
16 5 23.00
11 62 19.00
10 62 34.00
26 23 64.00
58 24 56.00
57 0 7.00
45 43 13.00
67 32 77.00
34 18 24.00
41 53 100.00
42 16 13.00
41 32 18.00
29 62 18.00
38 34 13.00
53 6 25.00
22 57 67.00
33 17 30.00
10 28 29.00
14 56 89.00
19 16 70.00
61 9 45.00
30 38 34.00
57 39 14.00
25 68 7.00
62 1 7.00
29 52 84.00
3 60 61.00
2 43 32.00
58 42 36.00
4 17 30.00
33 29 71.00
35 31 100.00
17 44 98.00
26 55 27.00
39 49 5.00
35 42 24.00
40 6 5.00
5 39 49.00
10 25 72.00
48 32 41.00
68 51 31.00
1 61 16.00
28 19 81.00
43 33 54.00
6 50 55.00
37 31 68.00
49 34 27.00
34 21 9.00
3 39 70.00
62 58 100.00
18 17 85.00
28 15 9.00
11 21 38.00
40 68 52.00
25 57 62.00
20 54 2.00
43 41 64.00
25 32 40.00
19 11 64.00
27 52 97.00
54 22 25.00
7 14 22.00
66 2 68.00
20 42 77.00
36 30 87.00
50 43 91.00
23 61 21.00
34 40 50.00
43 61 75.00
36 8 35.00
50 5 51.00
38 20 28.00
36 59 97.00
28 63 30.00
2 47 27.00
50 8 93.00
36 58 84.00
39 55 75.00
33 2 52.00
35 36 3.00
0 56 37.00
27 51 53.00
30 21 52.00
22 24 29.00
15 64 28.00
16 30 74.00
30 7 59.00
52 58 5.00
64 48 83.00
10 37 60.00
2 29 50.00
30 68 49.00
48 33 60.00
41 16 6.00
37 38 13.00
0 29 92.00
0 53 33.00
56 38 97.00
40 58 85.00
12 39 36.00
24 40 61.00
6 64 77.00
58 1 33.00
29 18 89.00
0 64 49.00
38 13 48.00
54 12 47.00
41 41 85.00
24 22 23.00
38 66 36.00
19 0 39.00
29 51 14.00
12 60 11.00
8 6 48.00
23 29 22.00
22 33 59.00
17 43 83.00
6 7 56.00
38 58 79.00
38 24 69.00
48 22 96.00
19 48 32.00
55 9 91.00
12 1 8.00
47 1 57.00
45 46 94.00
15 68 100.00
10 12 57.00
55 46 80.00
36 55 9.00
65 19 26.00
7 61 44.00
61 60 60.00
10 17 81.00
45 23 36.00
32 51 84.00
62 62 49.00
14 48 16.00
18 62 45.00
1 10 65.00
18 56 13.00
66 23 1.00
58 32 88.00
63 38 91.00
8 4 95.00
14 24 90.00
56 61 32.00
61 15 73.00
50 27 7.00
31 67 59.00
35 22 30.00
63 46 68.00
60 27 83.00
54 33 33.00
17 28 11.00
36 9 35.00
21 1 32.00
65 30 54.00
30 47 60.00
19 17 65.00
54 47 9.00
53 56 97.00
10 44 80.00
55 14 13.00
67 65 29.00
15 46 65.00
59 9 11.00
47 9 49.00
3 36 33.00
67 25 57.00
21 20 6.00
10 14 6.00
50 50 58.00
19 35 64.00
17 55 28.00
51 56 25.00
11 31 71.00
45 51 66.00
18 45 19.00
68 7 54.00
16 22 85.00
37 55 26.00
15 38 60.00
21 7 99.00
67 19 11.00
0 38 11.00
1 20 16.00
21 62 90.00
4 52 61.00
67 36 4.00
55 49 85.00
39 53 54.00
45 18 78.00
42 2 58.00
2 34 66.00
1 50 26.00
42 65 10.00
48 30 47.00
46 43 50.00
50 61 32.00
12 51 25.00
37 39 54.00
61 22 90.00
45 38 2.00
7 26 40.00
37 20 62.00
25 5 13.00
26 27 20.00
26 7 8.00
67 60 74.00
18 7 87.00
0 5 53.00
9 21 60.00
17 18 89.00
47 17 62.00
32 63 72.00
57 26 19.00
44 43 29.00
27 32 51.00
55 23 41.00
2 41 66.00
7 19 29.00
59 31 48.00
15 49 58.00
16 49 78.00
2 28 30.00
43 35 26.00
8 5 14.00
56 68 91.00
13 16 92.00
61 45 42.00
9 47 37.00
36 49 2.00
63 8 81.00
32 17 26.00
24 50 16.00
9 38 96.00
26 44 39.00
29 31 70.00
23 7 54.00
1 64 8.00
42 59 80.00
7 40 83.00
62 48 54.00
46 17 70.00
20 20 74.00
12 48 1.00
10 66 77.00
53 51 13.00
68 45 6.00
41 64 18.00
20 60 34.00
41 44 73.00
26 8 17.00
10 20 28.00
27 61 20.00
65 65 4.00
6 39 85.00
56 6 99.00
46 15 77.00
45 60 31.00
24 49 91.00
7 66 6.00
36 34 76.00
13 36 97.00
28 17 35.00
67 23 86.00
56 66 59.00
16 48 57.00
0 46 51.00
26 10 79.00
68 19 26.00
27 44 62.00
53 60 96.00
48 38 29.00
34 47 79.00
43 31 44.00
25 14 81.00
56 55 36.00
3 27 100.00
1 57 65.00
7 30 60.00
16 57 15.00
4 10 22.00
32 68 98.00
41 11 18.00
4 16 18.00
12 24 6.00
46 32 19.00
47 18 41.00
4 21 34.00
44 68 76.00
36 15 51.00
4 60 35.00
20 9 7.00
10 54 62.00
68 68 99.00
50 15 13.00
61 25 24.00
32 37 61.00
45 65 80.00
60 65 91.00
37 40 15.00
38 54 51.00
44 49 46.00
60 22 100.00
28 66 73.00
21 52 94.00
25 21 51.00
7 15 53.00
2 9 31.00
46 55 52.00
6 62 68.00
61 68 31.00
0 27 34.00
24 41 40.00
17 65 57.00
50 16 28.00
62 63 22.00
31 1 48.00
29 26 69.00
50 1 100.00
11 68 86.00
68 1 86.00
15 54 12.00
48 5 85.00
33 44 5.00
25 36 51.00
28 48 17.00
46 16 74.00
9 18 86.00
0 33 58.00
67 47 72.00
15 19 35.00
60 40 84.00
3 67 48.00
48 43 36.00
33 50 80.00
43 14 18.00
9 67 6.00
2 40 60.00
39 46 14.00
26 38 82.00
56 53 71.00
25 46 95.00
16 3 15.00
57 42 33.00
64 42 94.00
57 32 86.00
62 47 68.00
36 10 50.00
36 56 2.00
38 41 74.00
34 9 96.00
41 4 53.00
64 1 79.00
56 12 91.00
28 65 70.00
19 38 39.00
39 18 66.00
27 48 94.00
58 55 12.00
36 45 54.00
38 37 23.00
29 42 68.00
14 61 1.00
39 4 98.00
30 50 17.00
27 2 87.00
48 50 2.00
23 55 24.00
37 10 12.00
67 50 91.00
34 4 63.00
43 47 78.00
30 11 24.00
34 6 92.00
7 2 74.00
64 58 5.00
63 17 51.00
10 35 10.00
23 20 70.00
41 62 29.00
60 60 39.00
13 13 21.00
50 59 93.00
6 55 28.00
56 58 51.00
3 1 58.00
16 41 18.00
58 60 3.00
38 8 59.00
66 40 70.00
30 57 100.00
8 57 12.00
31 0 40.00
1 56 67.00
28 54 99.00
12 42 64.00
13 53 51.00
11 66 34.00
17 1 80.00
1 45 78.00
20 28 21.00
55 35 55.00
12 38 64.00
28 29 3.00
66 63 21.00
40 38 54.00
19 22 27.00
25 25 22.00
7 33 28.00
25 65 71.00
13 14 16.00
41 61 69.00
16 36 78.00
40 16 74.00
27 9 42.00
48 14 17.00
44 58 75.00
52 4 74.00
1 18 48.00
6 53 60.00
0 1 45.00
31 5 74.00
9 12 80.00
53 8 91.00
65 16 89.00
36 53 6.00
56 65 8.00
55 61 67.00
49 4 24.00
63 45 28.00
22 43 43.00
62 49 40.00
29 10 53.00
0 4 15.00
26 25 22.00
51 10 6.00
44 19 86.00
39 15 69.00
59 4 62.00
13 59 57.00
43 13 31.00
64 5 14.00
51 9 2.00
53 23 41.00
51 11 55.00
16 42 38.00
24 14 13.00
11 26 42.00
42 68 52.00
53 61 50.00
43 66 54.00
36 46 49.00
39 22 21.00
7 7 92.00
60 67 58.00
27 39 40.00
20 33 58.00
7 8 20.00
60 37 22.00
51 4 92.00
43 49 95.00
44 27 92.00
47 27 2.00
38 30 25.00
12 49 25.00
7 50 68.00
26 16 96.00
25 40 23.00
14 50 13.00
47 39 25.00
57 21 64.00
24 25 43.00
55 4 32.00
40 54 33.00
2 59 79.00
20 10 19.00
26 60 88.00
22 7 3.00
7 32 44.00
23 10 51.00
33 57 29.00
19 45 60.00
60 59 36.00
50 46 49.00
8 61 93.00
18 25 66.00
16 68 88.00
17 7 23.00
21 60 100.00
62 9 90.00
51 14 20.00
2 55 25.00
33 46 92.00
63 44 49.00
55 65 74.00
56 44 51.00
46 35 100.00
54 3 49.00
58 30 6.00
47 59 25.00
40 11 63.00
32 54 41.00
54 31 46.00
46 39 12.00
52 53 2.00
37 53 24.00
2 31 32.00
41 57 78.00
33 6 81.00
34 25 34.00
13 27 94.00
27 34 47.00
43 60 30.00
35 35 64.00
11 61 30.00
41 8 60.00
9 35 71.00
55 67 16.00
41 66 96.00
50 7 89.00
39 31 7.00
20 34 46.00
55 3 86.00
47 49 96.00
30 41 60.00
38 47 77.00
45 56 38.00
25 67 76.00
56 20 47.00
6 41 21.00
49 58 69.00
47 44 32.00
11 1 94.00
44 24 53.00
4 22 47.00
4 50 42.00
66 49 94.00
30 42 66.00
56 27 98.00
32 34 79.00
49 20 53.00
49 21 86.00
12 67 26.00
9 48 33.00
10 6 38.00
9 29 40.00
5 67 48.00
33 55 55.00
23 0 41.00
42 26 85.00
30 53 3.00
35 66 81.00
51 67 70.00
20 65 61.00
6 48 62.00
4 45 91.00
44 59 12.00
11 64 69.00
1 39 90.00
10 13 77.00
57 2 33.00
21 56 12.00
0 28 81.00
10 68 46.00
33 12 51.00
18 65 27.00
31 21 94.00
59 36 100.00
41 48 1.00
50 12 39.00
24 43 35.00
29 65 98.00
57 66 40.00
3 48 41.00
3 19 15.00
49 59 41.00
46 53 76.00
21 42 82.00
34 68 89.00
62 14 99.00
33 67 46.00
8 20 72.00
33 42 1.00
14 29 70.00
40 66 87.00
7 65 52.00
1 19 90.00
18 54 15.00
22 4 22.00
1 28 100.00
61 23 72.00
44 38 28.00
12 32 99.00
23 23 33.00
58 62 31.00
1 38 26.00
52 32 3.00
68 67 38.00
15 48 52.00
16 40 63.00
14 5 93.00
44 13 52.00
5 16 63.00
23 36 67.00
60 0 91.00
39 48 2.00
55 33 92.00
33 19 16.00
45 24 74.00
0 36 47.00
61 4 33.00
61 11 7.00
55 51 31.00
48 36 32.00
29 43 36.00
32 9 82.00
67 31 89.00
63 41 64.00
24 1 53.00
39 43 74.00
21 35 68.00
43 18 20.00
51 17 22.00
51 19 49.00
63 12 93.00
45 16 68.00
60 7 59.00
31 13 64.00
56 15 85.00
48 51 33.00
62 56 52.00
27 22 44.00
24 61 28.00
14 20 75.00
28 67 45.00
30 34 37.00
5 4 79.00
38 15 79.00
23 21 86.00
60 15 66.00
33 38 74.00
12 28 70.00
6 8 77.00
58 64 78.00
59 25 3.00
67 41 16.00
16 17 40.00
45 15 62.00
3 8 27.00
42 4 32.00
47 8 100.00
15 27 64.00
13 35 50.00
53 7 29.00
68 58 65.00
25 13 11.00
10 9 50.00
61 41 1.00
64 61 48.00
1 21 7.00
48 57 47.00
42 23 75.00
34 29 5.00
66 25 16.00
60 26 13.00
39 29 72.00
13 57 8.00
14 19 8.00
20 6 49.00
39 8 64.00
44 9 25.00
15 28 68.00
59 33 91.00
52 6 97.00
22 26 49.00
35 59 26.00
67 8 69.00
31 57 89.00
31 33 98.00
38 16 23.00
67 56 99.00
16 51 45.00
14 22 32.00
54 15 50.00
8 34 7.00
2 45 30.00
47 64 83.00
48 25 74.00
55 32 23.00
14 58 9.00
33 36 88.00
24 65 46.00
26 3 11.00
49 49 59.00
43 2 85.00
66 54 47.00
50 36 76.00
6 45 35.00
25 60 26.00
59 51 48.00
49 31 13.00
23 19 16.00
22 46 33.00
68 28 66.00
52 11 57.00
15 6 14.00
41 54 94.00
54 5 14.00
16 1 70.00
8 50 21.00
8 23 91.00
7 5 73.00
18 39 20.00
63 33 91.00
33 40 68.00
31 43 65.00
25 55 41.00
38 19 95.00
5 36 1.00
49 14 65.00
54 44 55.00
20 51 12.00
38 46 62.00
16 8 87.00
61 56 32.00
65 37 33.00
44 63 67.00
14 64 45.00
6 37 100.00
41 50 50.00
50 56 71.00
24 67 60.00
21 40 50.00
57 60 68.00
21 25 32.00
22 2 13.00
47 57 86.00
52 56 29.00
5 33 14.00
55 47 56.00
53 62 70.00
21 45 72.00
63 55 21.00
22 5 31.00
36 1 57.00
15 34 24.00
44 0 87.00
22 64 80.00
61 44 54.00
35 5 86.00
14 54 64.00
29 17 70.00
12 21 28.00
48 24 43.00
11 34 81.00
19 40 30.00
10 63 14.00
9 17 5.00
53 18 70.00
49 29 81.00
56 16 26.00
67 9 89.00
36 28 99.00
40 52 81.00
39 50 7.00
50 68 57.00
52 62 46.00
54 51 17.00
6 54 15.00
37 30 63.00
27 29 83.00
6 28 98.00
53 47 95.00
10 57 67.00
50 17 98.00
52 15 74.00
67 18 66.00
54 36 8.00
10 65 45.00
52 14 92.00
41 3 90.00
36 50 23.00
47 34 50.00
15 32 24.00
11 48 79.00
25 34 59.00
2 32 15.00
32 45 12.00
48 58 8.00
62 37 47.00
55 25 56.00
17 36 94.00
30 46 36.00
61 20 35.00
27 60 58.00
19 61 81.00
52 36 11.00
33 34 13.00
23 59 60.00
1 54 13.00
13 49 4.00
8 18 94.00
10 42 68.00
16 65 21.00
52 35 3.00
4 3 7.00
64 49 99.00
56 64 20.00
55 55 70.00
50 37 15.00
13 21 89.00
46 13 59.00
56 62 89.00
20 21 59.00
2 17 64.00
54 23 85.00
15 29 8.00
65 56 98.00
17 25 39.00
53 48 65.00
62 5 28.00
43 30 87.00
64 53 66.00
9 43 81.00
20 56 23.00
52 42 62.00
30 58 99.00
23 1 57.00
7 34 92.00
45 50 81.00
23 14 63.00
32 24 67.00
24 23 2.00
22 58 23.00
47 21 77.00
1 14 39.00
24 46 21.00
8 43 34.00
20 53 84.00
21 44 99.00
38 11 88.00
10 8 22.00
9 49 5.00
43 51 80.00
68 54 40.00
29 2 81.00
7 47 80.00
20 36 11.00
17 33 30.00
25 0 23.00
32 64 45.00
65 55 57.00
45 6 5.00
32 42 13.00
64 63 36.00
58 36 91.00
27 6 43.00
0 54 43.00
24 57 96.00
41 23 78.00
1 26 99.00
41 18 86.00
32 47 95.00
42 57 91.00
36 18 32.00
45 54 87.00
40 0 8.00
33 61 79.00
61 61 94.00
29 37 23.00
18 55 25.00
41 22 11.00
22 50 62.00
49 55 37.00
37 0 2.00
53 36 83.00
15 37 32.00
11 10 7.00
68 11 84.00
49 35 67.00
54 18 52.00
67 14 26.00
7 36 25.00
65 3 56.00
67 54 93.00
8 46 29.00
45 17 31.00
67 11 20.00
20 41 60.00
18 0 51.00
4 61 62.00
10 23 25.00
40 55 92.00
28 57 70.00
16 66 98.00
66 53 42.00
64 12 40.00
17 59 69.00
15 60 47.00
37 45 18.00
68 62 74.00
4 59 26.00
33 64 21.00
66 16 9.00
33 20 49.00
15 22 17.00
53 34 45.00
4 35 41.00
65 14 63.00
68 65 31.00
5 57 84.00
66 65 94.00
41 43 48.00
8 66 4.00
52 21 75.00
56 7 30.00
22 6 32.00
59 18 74.00
43 36 49.00
55 62 44.00
5 14 50.00
6 67 77.00
29 11 59.00
47 50 30.00
38 0 42.00
54 63 25.00
43 64 10.00
50 2 16.00
43 54 77.00
67 12 66.00
31 23 59.00
51 65 78.00
1 40 82.00
12 43 6.00
17 29 79.00
0 23 88.00
21 57 97.00
24 51 1.00
55 1 83.00
19 41 93.00
5 51 84.00
11 32 49.00
25 45 18.00
50 6 42.00
38 21 71.00
44 7 39.00
45 28 46.00
54 57 3.00
8 42 66.00
51 68 80.00
65 4 87.00
29 1 32.00
50 14 98.00
53 29 53.00
55 21 31.00
5 45 92.00
46 49 84.00
15 31 54.00
48 63 97.00
34 32 56.00
65 63 67.00
66 55 89.00
14 0 26.00
32 25 78.00
16 63 15.00
21 36 67.00
40 21 13.00
16 15 11.00
58 27 52.00
0 63 68.00
31 16 68.00
38 27 61.00
59 24 19.00
37 24 6.00
47 60 44.00
50 45 13.00
61 38 49.00
3 20 19.00
63 29 60.00
22 67 25.00
8 45 3.00
12 41 99.00
20 14 38.00
17 48 73.00
22 48 86.00
19 1 27.00
17 23 71.00
34 58 16.00
2 66 53.00
37 3 9.00
47 55 35.00
28 42 64.00
23 3 1.00
59 32 59.00
29 61 38.00
7 56 1.00
26 11 37.00
40 49 73.00
47 33 4.00
8 36 45.00
39 33 12.00
12 14 86.00
33 66 94.00
33 5 5.00
53 27 92.00
66 46 74.00
15 14 67.00
40 18 43.00
19 56 39.00
45 41 27.00
12 0 32.00
36 63 79.00
55 68 78.00
3 37 81.00
64 54 20.00
31 24 47.00
44 33 51.00
11 50 17.00
57 62 81.00
3 3 98.00
18 21 86.00
0 44 39.00
33 16 21.00
26 54 81.00
58 50 47.00
59 42 80.00
51 44 35.00
57 56 82.00
30 22 14.00
6 16 5.00
37 17 8.00
49 22 99.00
10 67 70.00
35 63 62.00
67 39 79.00
51 47 48.00
60 62 9.00
35 17 9.00
15 61 65.00
46 41 64.00
19 51 78.00
34 23 1.00
11 6 34.00
9 59 53.00
5 7 19.00
25 61 86.00
61 24 64.00
