100 90
0 6.00
1 2.00
2 21.00
3 11.00
4 77.00
5 64.00
6 26.00
7 46.00
8 25.00
9 69.00
10 60.00
11 89.00
12 15.00
13 87.00
14 97.00
15 97.00
16 60.00
17 94.00
18 18.00
19 81.00
20 77.00
21 69.00
22 11.00
23 95.00
24 33.00
25 47.00
26 75.00
27 98.00
28 97.00
29 69.00
30 34.00
31 37.00
32 40.00
33 30.00
34 60.00
35 60.00
36 79.00
37 54.00
38 76.00
39 98.00
40 36.00
41 7.00
42 97.00
43 7.00
44 63.00
45 57.00
46 35.00
47 71.00
48 15.00
49 36.00
50 37.00
51 75.00
52 69.00
53 48.00
54 18.00
55 74.00
56 30.00
57 56.00
58 10.00
59 22.00
60 64.00
61 5.00
62 35.00
63 80.00
64 87.00
65 77.00
66 98.00
67 73.00
68 28.00
69 51.00
70 51.00
71 86.00
72 62.00
73 58.00
74 56.00
75 39.00
76 71.00
77 58.00
78 9.00
79 36.00
80 84.00
81 29.00
82 77.00
83 40.00
84 33.00
85 54.00
86 67.00
87 69.00
88 83.00
89 50.00
