100 90
0 5.00
1 29.00
2 25.00
3 95.00
4 86.00
5 61.00
6 65.00
7 84.00
8 80.00
9 72.00
10 35.00
11 6.00
12 24.00
13 19.00
14 5.00
15 95.00
16 80.00
17 30.00
18 95.00
19 82.00
20 59.00
21 64.00
22 62.00
23 71.00
24 92.00
25 9.00
26 48.00
27 6.00
28 2.00
29 21.00
30 9.00
31 23.00
32 30.00
33 63.00
34 54.00
35 37.00
36 1.00
37 28.00
38 72.00
39 96.00
40 12.00
41 21.00
42 47.00
43 97.00
44 61.00
45 90.00
46 68.00
47 39.00
48 44.00
49 64.00
50 31.00
51 1.00
52 85.00
53 97.00
54 57.00
55 1.00
56 76.00
57 79.00
58 1.00
59 67.00
60 62.00
61 67.00
62 53.00
63 6.00
64 18.00
65 23.00
66 80.00
67 94.00
68 61.00
69 13.00
70 94.00
71 35.00
72 89.00
73 6.00
74 79.00
75 73.00
76 44.00
77 57.00
78 39.00
79 88.00
80 51.00
81 52.00
82 62.00
83 86.00
84 88.00
85 53.00
86 75.00
87 35.00
88 89.00
89 97.00
